Homes:
  main:
    X: -1270.5742693988416
    Y: 76.0
    Z: -126.30802064760123
    Yaw: -108.29404
    Pitch: 14.849961
    World: world
