Homes:
  main:
    X: -1272.535010941058
    Y: 78.0
    Z: -137.07499998807907
    Yaw: -83.05789
    Pitch: 31.50029
    World: world
